G3dErrFileVersion 2018P3.1
FlagFileMetaData Begin
   Mesh Size - Setup1, Refinement, Pass #1, Freq. 1.068000e+06 :Title    
   Listing of mesh elements with poor quality. :ToolTip  
   hf3d :Author   
   1743952066 :TimeStamp
FlagFileMetaData End
BEGIN_ERR 
26 Small mesh segment detected on body : RadiatingSurface
 Small mesh segment detected on body : RadiatingSurface 
 Segment Statistics - Number of Segments : 1 --- Segment length(s) : 15.164929mm. The cutoff frequency for S-Matrix Only Solve is 60.5029958657761kHz 
3 -1  11090  11127  # nfids, fids[]
2 13245  -1  # nbids, bids[]
      6 2 1 0 #ntets ntri ned npts
           2.0283214746480002e+02  -6.1671650411772305e+02   1.0286680459800002e+03 #xyz tv0
           2.9656247794352601e+02  -6.8239730598506810e+02   9.2152655126216825e+02 #xyz tv1
           1.2312357138928880e+02  -6.3307505851718804e+02   1.0160009860406241e+03 #xyz tv2
           2.9521726080226000e+02  -6.9394660000401302e+02   9.3126201620068491e+02 -1 13245 #xyz tv3 fid bid
           8.0667362113025533e+01  -7.6877814531240506e+02   7.7180580796288098e+02 #xyz tv0
           2.9521726080226000e+02  -6.9394660000401302e+02   9.3126201620068491e+02 #xyz tv1
           1.2312357138928880e+02  -6.3307505851718804e+02   1.0160009860406241e+03 #xyz tv2
           2.9656247794352601e+02  -6.8239730598506810e+02   9.2152655126216825e+02 -1 13245 #xyz tv3 fid bid
           3.6068080369999700e+02  -6.6549414400299202e+02   9.2965638632329296e+02 #xyz tv0
           2.9656247794352601e+02  -6.8239730598506810e+02   9.2152655126216825e+02 #xyz tv1
           2.0283214746480002e+02  -6.1671650411772305e+02   1.0286680459800002e+03 #xyz tv2
           2.9521726080226000e+02  -6.9394660000401302e+02   9.3126201620068491e+02 -1 13245 #xyz tv3 fid bid
           2.9521726080226000e+02  -6.9394660000401302e+02   9.3126201620068491e+02 #xyz tv0
           8.0667362113025533e+01  -7.6877814531240506e+02   7.7180580796288098e+02 #xyz tv1
           5.2799163719416390e+02  -7.5580441941475999e+02   7.7013866630280609e+02 #xyz tv2
           2.9656247794352601e+02  -6.8239730598506810e+02   9.2152655126216825e+02 -1 13245 #xyz tv3 fid bid
           5.6706295909018002e+02  -7.3726528883596995e+02   7.8027068078830314e+02 #xyz tv0
           2.9521726080226000e+02  -6.9394660000401302e+02   9.3126201620068491e+02 #xyz tv1
           2.9656247794352601e+02  -6.8239730598506810e+02   9.2152655126216825e+02 #xyz tv2
           3.6068080369999700e+02  -6.6549414400299202e+02   9.2965638632329296e+02 -1 13245 #xyz tv3 fid bid
           5.6706295909018002e+02  -7.3726528883596995e+02   7.8027068078830314e+02 #xyz tv0
           2.9656247794352601e+02  -6.8239730598506810e+02   9.2152655126216825e+02 #xyz tv1
           2.9521726080226000e+02  -6.9394660000401302e+02   9.3126201620068491e+02 #xyz tv2
           5.2799163719416390e+02  -7.5580441941475999e+02   7.7013866630280609e+02 -1 13245 #xyz tv3 fid bid
           1.2312357138928880e+02  -6.3307505851718804e+02   1.0160009860406241e+03 #xyz tv0
           2.9656247794352601e+02  -6.8239730598506810e+02   9.2152655126216825e+02 #xyz tv1
           2.9521726080226000e+02  -6.9394660000401302e+02   9.3126201620068491e+02 11090 -1 #xyz tv2 fid bid
           5.2799163719416390e+02  -7.5580441941475999e+02   7.7013866630280609e+02 #xyz tv0
           2.9656247794352601e+02  -6.8239730598506810e+02   9.2152655126216825e+02 #xyz tv1
           2.9521726080226000e+02  -6.9394660000401302e+02   9.3126201620068491e+02 11127 -1 #xyz tv2 fid bid
           2.9656247794352601e+02  -6.8239730598506810e+02   9.2152655126216825e+02 #xyz ev0
           2.9521726080226000e+02  -6.9394660000401302e+02   9.3126201620068491e+02 -1 13245 #xyz ev1 fid bid
   0   0.000000000000e+00   0.000000000000e+00   0.000000000000e+00 #flag location
END_ERR 
G3dErrFileVersion 2018P3.1
FlagFileMetaData Begin
   Mesh Size - Setup1, Refinement, Pass #2, Freq. 1.068000e+06 :Title    
   Listing of mesh elements with poor quality. :ToolTip  
   hf3d :Author   
   1743952083 :TimeStamp
FlagFileMetaData End
BEGIN_ERR 
26 Small mesh segment detected on body : RadiatingSurface
 Small mesh segment detected on body : RadiatingSurface 
 Segment Statistics - Number of Segments : 1 --- Segment length(s) : 13.710522mm. The cutoff frequency for S-Matrix Only Solve is 60.5029958657761kHz 
2 -1  11368  # nfids, fids[]
2 13245  -1  # nbids, bids[]
      5 2 1 0 #ntets ntri ned npts
          -9.9956552680979394e+02   7.2726917266746148e+02   8.5302072016673253e+02 #xyz tv0
          -1.0004519620936387e+03   7.4867379432142002e+02   8.1380149677901272e+02 #xyz tv1
          -1.1253438292647907e+03   7.3096509429491789e+02   8.2395297035641443e+02 #xyz tv2
          -1.0056295803902158e+03   7.3821924253320844e+02   8.2100379094950642e+02 -1 13245 #xyz tv3 fid bid
          -1.1253438292647907e+03   7.3096509429491789e+02   8.2395297035641443e+02 #xyz tv0
          -1.0004519620936387e+03   7.4867379432142002e+02   8.1380149677901272e+02 #xyz tv1
          -1.0325470715958199e+03   8.8099777698575713e+02   5.3629694880298302e+02 #xyz tv2
          -1.0056295803902158e+03   7.3821924253320844e+02   8.2100379094950642e+02 -1 13245 #xyz tv3 fid bid
          -9.9956552680979394e+02   7.2726917266746148e+02   8.5302072016673253e+02 #xyz tv0
          -9.5000916711999571e+02   7.4158959089800430e+02   8.1963357329402788e+02 #xyz tv1
          -1.0004519620936387e+03   7.4867379432142002e+02   8.1380149677901272e+02 #xyz tv2
          -1.0056295803902158e+03   7.3821924253320844e+02   8.2100379094950642e+02 -1 13245 #xyz tv3 fid bid
          -1.0325470715958199e+03   8.8099777698575713e+02   5.3629694880298302e+02 #xyz tv0
          -1.0004519620936387e+03   7.4867379432142002e+02   8.1380149677901272e+02 #xyz tv1
          -9.7424924548805643e+02   1.6744400860417977e+02   4.5287073982001584e+02 #xyz tv2
          -1.0056295803902158e+03   7.3821924253320844e+02   8.2100379094950642e+02 -1 13245 #xyz tv3 fid bid
          -1.0004519620936387e+03   7.4867379432142002e+02   8.1380149677901272e+02 #xyz tv0
          -9.7424924548805643e+02   1.6744400860417977e+02   4.5287073982001584e+02 #xyz tv1
          -1.0056295803902158e+03   7.3821924253320844e+02   8.2100379094950642e+02 #xyz tv2
          -9.5000916711999571e+02   7.4158959089800430e+02   8.1963357329402788e+02 -1 13245 #xyz tv3 fid bid
          -1.0004519620936387e+03   7.4867379432142002e+02   8.1380149677901272e+02 #xyz tv0
          -1.1253438292647907e+03   7.3096509429491789e+02   8.2395297035641443e+02 #xyz tv1
          -1.0056295803902158e+03   7.3821924253320844e+02   8.2100379094950642e+02 11368 -1 #xyz tv2 fid bid
          -1.0004519620936387e+03   7.4867379432142002e+02   8.1380149677901272e+02 #xyz tv0
          -1.0056295803902158e+03   7.3821924253320844e+02   8.2100379094950642e+02 #xyz tv1
          -9.5000916711999571e+02   7.4158959089800430e+02   8.1963357329402788e+02 11368 -1 #xyz tv2 fid bid
          -1.0056295803902158e+03   7.3821924253320844e+02   8.2100379094950642e+02 #xyz ev0
          -1.0004519620936387e+03   7.4867379432142002e+02   8.1380149677901272e+02 -1 13245 #xyz ev1 fid bid
   0   0.000000000000e+00   0.000000000000e+00   0.000000000000e+00 #flag location
END_ERR 
G3dErrFileVersion 2018P3.1
FlagFileMetaData Begin
   Mesh Size - Setup1, Refinement, Pass #2, Freq. 1.068000e+09 :Title    
   Listing of mesh elements with poor quality. :ToolTip  
   hf3d :Author   
   1743952184 :TimeStamp
FlagFileMetaData End
BEGIN_ERR 
26 Small mesh segment detected on body : RadiatingSurface
 Small mesh segment detected on body : RadiatingSurface 
 Segment Statistics - Number of Segments : 1 --- Segment length(s) : 13.710522mm. The cutoff frequency for S-Matrix Only Solve is 60.5029958657761kHz 
2 -1  11368  # nfids, fids[]
2 13245  -1  # nbids, bids[]
      5 2 1 0 #ntets ntri ned npts
          -9.9956552680979394e+02   7.2726917266746148e+02   8.5302072016673253e+02 #xyz tv0
          -1.0004519620936387e+03   7.4867379432142002e+02   8.1380149677901272e+02 #xyz tv1
          -1.1253438292647907e+03   7.3096509429491789e+02   8.2395297035641443e+02 #xyz tv2
          -1.0056295803902158e+03   7.3821924253320844e+02   8.2100379094950642e+02 -1 13245 #xyz tv3 fid bid
          -1.1253438292647907e+03   7.3096509429491789e+02   8.2395297035641443e+02 #xyz tv0
          -1.0004519620936387e+03   7.4867379432142002e+02   8.1380149677901272e+02 #xyz tv1
          -1.0325470715958199e+03   8.8099777698575713e+02   5.3629694880298302e+02 #xyz tv2
          -1.0056295803902158e+03   7.3821924253320844e+02   8.2100379094950642e+02 -1 13245 #xyz tv3 fid bid
          -9.9956552680979394e+02   7.2726917266746148e+02   8.5302072016673253e+02 #xyz tv0
          -9.5000916711999571e+02   7.4158959089800430e+02   8.1963357329402788e+02 #xyz tv1
          -1.0004519620936387e+03   7.4867379432142002e+02   8.1380149677901272e+02 #xyz tv2
          -1.0056295803902158e+03   7.3821924253320844e+02   8.2100379094950642e+02 -1 13245 #xyz tv3 fid bid
          -1.0325470715958199e+03   8.8099777698575713e+02   5.3629694880298302e+02 #xyz tv0
          -1.0004519620936387e+03   7.4867379432142002e+02   8.1380149677901272e+02 #xyz tv1
          -9.7424924548805643e+02   1.6744400860417977e+02   4.5287073982001584e+02 #xyz tv2
          -1.0056295803902158e+03   7.3821924253320844e+02   8.2100379094950642e+02 -1 13245 #xyz tv3 fid bid
          -1.0004519620936387e+03   7.4867379432142002e+02   8.1380149677901272e+02 #xyz tv0
          -9.7424924548805643e+02   1.6744400860417977e+02   4.5287073982001584e+02 #xyz tv1
          -1.0056295803902158e+03   7.3821924253320844e+02   8.2100379094950642e+02 #xyz tv2
          -9.5000916711999571e+02   7.4158959089800430e+02   8.1963357329402788e+02 -1 13245 #xyz tv3 fid bid
          -1.0004519620936387e+03   7.4867379432142002e+02   8.1380149677901272e+02 #xyz tv0
          -1.1253438292647907e+03   7.3096509429491789e+02   8.2395297035641443e+02 #xyz tv1
          -1.0056295803902158e+03   7.3821924253320844e+02   8.2100379094950642e+02 11368 -1 #xyz tv2 fid bid
          -1.0004519620936387e+03   7.4867379432142002e+02   8.1380149677901272e+02 #xyz tv0
          -1.0056295803902158e+03   7.3821924253320844e+02   8.2100379094950642e+02 #xyz tv1
          -9.5000916711999571e+02   7.4158959089800430e+02   8.1963357329402788e+02 11368 -1 #xyz tv2 fid bid
          -1.0056295803902158e+03   7.3821924253320844e+02   8.2100379094950642e+02 #xyz ev0
          -1.0004519620936387e+03   7.4867379432142002e+02   8.1380149677901272e+02 -1 13245 #xyz ev1 fid bid
   0   0.000000000000e+00   0.000000000000e+00   0.000000000000e+00 #flag location
END_ERR 
G3dErrFileVersion 2018P3.1
FlagFileMetaData Begin
   Mesh Size - Setup1, Refinement, Pass #3, Freq. 1.068000e+09 :Title    
   Listing of mesh elements with poor quality. :ToolTip  
   hf3d :Author   
   1743952204 :TimeStamp
FlagFileMetaData End
BEGIN_ERR 
26 Small mesh segment detected on body : RadiatingSurface
 Small mesh segment detected on body : RadiatingSurface 
 Segment Statistics - Number of Segments : 1 --- Segment length(s) : 15.164929mm. The cutoff frequency for S-Matrix Only Solve is 60.5029958657761kHz 
3 -1  11090  11127  # nfids, fids[]
2 13245  -1  # nbids, bids[]
      6 2 1 0 #ntets ntri ned npts
           2.0283214746480002e+02  -6.1671650411772305e+02   1.0286680459800002e+03 #xyz tv0
           2.9656247794352601e+02  -6.8239730598506810e+02   9.2152655126216837e+02 #xyz tv1
           1.2312357138928880e+02  -6.3307505851718804e+02   1.0160009860406241e+03 #xyz tv2
           2.9521726080226000e+02  -6.9394660000401302e+02   9.3126201620068491e+02 -1 13245 #xyz tv3 fid bid
           3.6068080369999700e+02  -6.6549414400299202e+02   9.2965638632329296e+02 #xyz tv0
           2.9656247794352601e+02  -6.8239730598506810e+02   9.2152655126216837e+02 #xyz tv1
           2.0283214746480002e+02  -6.1671650411772305e+02   1.0286680459800002e+03 #xyz tv2
           2.9521726080226000e+02  -6.9394660000401302e+02   9.3126201620068491e+02 -1 13245 #xyz tv3 fid bid
           8.0667362113025533e+01  -7.6877814531240506e+02   7.7180580796288098e+02 #xyz tv0
           2.9521726080226000e+02  -6.9394660000401302e+02   9.3126201620068491e+02 #xyz tv1
           1.2312357138928880e+02  -6.3307505851718804e+02   1.0160009860406241e+03 #xyz tv2
           2.9656247794352601e+02  -6.8239730598506810e+02   9.2152655126216837e+02 -1 13245 #xyz tv3 fid bid
           5.6706295909018002e+02  -7.3726528883596995e+02   7.8027068078830314e+02 #xyz tv0
           2.9521726080226000e+02  -6.9394660000401302e+02   9.3126201620068491e+02 #xyz tv1
           2.9656247794352601e+02  -6.8239730598506810e+02   9.2152655126216837e+02 #xyz tv2
           3.6068080369999700e+02  -6.6549414400299202e+02   9.2965638632329296e+02 -1 13245 #xyz tv3 fid bid
           2.9521726080226000e+02  -6.9394660000401302e+02   9.3126201620068491e+02 #xyz tv0
           8.0667362113025533e+01  -7.6877814531240506e+02   7.7180580796288098e+02 #xyz tv1
           5.2799163719416390e+02  -7.5580441941475999e+02   7.7013866630280609e+02 #xyz tv2
           2.9656247794352601e+02  -6.8239730598506810e+02   9.2152655126216837e+02 -1 13245 #xyz tv3 fid bid
           5.6706295909018002e+02  -7.3726528883596995e+02   7.8027068078830314e+02 #xyz tv0
           2.9656247794352601e+02  -6.8239730598506810e+02   9.2152655126216837e+02 #xyz tv1
           2.9521726080226000e+02  -6.9394660000401302e+02   9.3126201620068491e+02 #xyz tv2
           5.2799163719416390e+02  -7.5580441941475999e+02   7.7013866630280609e+02 -1 13245 #xyz tv3 fid bid
           1.2312357138928880e+02  -6.3307505851718804e+02   1.0160009860406241e+03 #xyz tv0
           2.9656247794352601e+02  -6.8239730598506810e+02   9.2152655126216837e+02 #xyz tv1
           2.9521726080226000e+02  -6.9394660000401302e+02   9.3126201620068491e+02 11090 -1 #xyz tv2 fid bid
           5.2799163719416390e+02  -7.5580441941475999e+02   7.7013866630280609e+02 #xyz tv0
           2.9656247794352601e+02  -6.8239730598506810e+02   9.2152655126216837e+02 #xyz tv1
           2.9521726080226000e+02  -6.9394660000401302e+02   9.3126201620068491e+02 11127 -1 #xyz tv2 fid bid
           2.9656247794352601e+02  -6.8239730598506810e+02   9.2152655126216837e+02 #xyz ev0
           2.9521726080226000e+02  -6.9394660000401302e+02   9.3126201620068491e+02 -1 13245 #xyz ev1 fid bid
   0   0.000000000000e+00   0.000000000000e+00   0.000000000000e+00 #flag location
END_ERR 
G3dErrFileVersion 2018P3.1
FlagFileMetaData Begin
   Mesh Size - Setup1, Refinement, Pass #4, Freq. 1.068000e+09 :Title    
   Listing of mesh elements with poor quality. :ToolTip  
   hf3d :Author   
   1743952220 :TimeStamp
FlagFileMetaData End
BEGIN_ERR 
26 Small mesh segment detected on body : RadiatingSurface
 Small mesh segment detected on body : RadiatingSurface 
 Segment Statistics - Number of Segments : 1 --- Segment length(s) : 11.758349mm. The cutoff frequency for S-Matrix Only Solve is 60.5029958657761kHz 
2 -1  11288  # nfids, fids[]
2 13245  -1  # nbids, bids[]
      5 2 1 0 #ntets ntri ned npts
          -3.5843539070339449e+02   8.4001679721493053e+02   3.6121497306445957e+02 #xyz tv0
          -2.5997471774024905e+02   5.0879228197798562e+02   3.4862787810907849e+02 #xyz tv1
          -3.6977433980111198e+02   8.3897130193456451e+02   3.6414651571370257e+02 #xyz tv2
          -8.3136840506132017e+01   8.4000954033533094e+02   3.6309911310475201e+02 -1 13245 #xyz tv3 fid bid
          -3.5843539070339449e+02   8.4001679721493053e+02   3.6121497306445957e+02 #xyz tv0
          -3.6977433980111198e+02   8.3897130193456451e+02   3.6414651571370257e+02 #xyz tv1
          -2.5997471774024905e+02   5.0879228197798562e+02   3.4862787810907849e+02 #xyz tv2
          -1.8283267205496441e+02   7.4137316465892695e+02   2.8086281102447902e+02 -1 13245 #xyz tv3 fid bid
          -3.6977433980111198e+02   8.3897130193456451e+02   3.6414651571370257e+02 #xyz tv0
          -1.4017076790560736e+02   1.0003227217267840e+03   6.1463603378540483e+02 #xyz tv1
          -3.5843539070339449e+02   8.4001679721493053e+02   3.6121497306445957e+02 #xyz tv2
          -8.3136840506132017e+01   8.4000954033533094e+02   3.6309911310475201e+02 -1 13245 #xyz tv3 fid bid
          -6.5641183909609197e+02   8.3793306353379808e+02   3.6519391832265302e+02 #xyz tv0
          -1.8283267205496441e+02   7.4137316465892695e+02   2.8086281102447902e+02 #xyz tv1
          -3.6977433980111198e+02   8.3897130193456451e+02   3.6414651571370257e+02 #xyz tv2
          -3.5843539070339449e+02   8.4001679721493053e+02   3.6121497306445957e+02 -1 13245 #xyz tv3 fid bid
          -3.6977433980111198e+02   8.3897130193456451e+02   3.6414651571370257e+02 #xyz tv0
          -3.5843539070339449e+02   8.4001679721493053e+02   3.6121497306445957e+02 #xyz tv1
          -1.4017076790560736e+02   1.0003227217267840e+03   6.1463603378540483e+02 #xyz tv2
          -6.5641183909609197e+02   8.3793306353379808e+02   3.6519391832265302e+02 -1 13245 #xyz tv3 fid bid
          -3.6977433980111198e+02   8.3897130193456451e+02   3.6414651571370257e+02 #xyz tv0
          -3.5843539070339449e+02   8.4001679721493053e+02   3.6121497306445957e+02 #xyz tv1
          -8.3136840506132017e+01   8.4000954033533094e+02   3.6309911310475201e+02 11288 -1 #xyz tv2 fid bid
          -3.6977433980111198e+02   8.3897130193456451e+02   3.6414651571370257e+02 #xyz tv0
          -6.5641183909609197e+02   8.3793306353379808e+02   3.6519391832265302e+02 #xyz tv1
          -3.5843539070339449e+02   8.4001679721493053e+02   3.6121497306445957e+02 11288 -1 #xyz tv2 fid bid
          -3.6977433980111198e+02   8.3897130193456451e+02   3.6414651571370257e+02 #xyz ev0
          -3.5843539070339449e+02   8.4001679721493053e+02   3.6121497306445957e+02 -1 13245 #xyz ev1 fid bid
   0   0.000000000000e+00   0.000000000000e+00   0.000000000000e+00 #flag location
END_ERR 
G3dErrFileVersion 2018P3.1
FlagFileMetaData Begin
   Mesh Size - Setup1, Refinement, Pass #5, Freq. 1.068000e+09 :Title    
   Listing of mesh elements with poor quality. :ToolTip  
   hf3d :Author   
   1743952253 :TimeStamp
FlagFileMetaData End
BEGIN_ERR 
26 Small mesh segment detected on body : RadiatingSurface
 Small mesh segment detected on body : RadiatingSurface 
 Segment Statistics - Number of Segments : 1 --- Segment length(s) : 10.738328mm. The cutoff frequency for S-Matrix Only Solve is 60.5029958657761kHz 
2 -1  10856  # nfids, fids[]
2 13245  -1  # nbids, bids[]
      4 2 1 0 #ntets ntri ned npts
          -9.4302736694140185e+02  -6.7047285793874994e+02   7.1485568406063885e+02 #xyz tv0
          -1.1158009178576340e+03  -7.3901706929705563e+02   8.1827950850265029e+02 #xyz tv1
          -1.2953741702495356e+03  -7.2506381568386553e+02   8.2326614859736105e+02 #xyz tv2
          -1.1060466325765474e+03  -7.3496994371764504e+02   8.2022537293079802e+02 -1 13245 #xyz tv3 fid bid
          -1.2953741702495356e+03  -7.2506381568386553e+02   8.2326614859736105e+02 #xyz tv0
          -1.1158009178576340e+03  -7.3901706929705563e+02   8.1827950850265029e+02 #xyz tv1
          -1.2706861048553010e+03  -6.9900512696088003e+02   8.9179766176314411e+02 #xyz tv2
          -1.1060466325765474e+03  -7.3496994371764504e+02   8.2022537293079802e+02 -1 13245 #xyz tv3 fid bid
          -7.2739155723057104e+02  -7.5478219978520406e+02   8.1414382159767206e+02 #xyz tv0
          -1.1158009178576340e+03  -7.3901706929705563e+02   8.1827950850265029e+02 #xyz tv1
          -9.4302736694140185e+02  -6.7047285793874994e+02   7.1485568406063885e+02 #xyz tv2
          -1.1060466325765474e+03  -7.3496994371764504e+02   8.2022537293079802e+02 -1 13245 #xyz tv3 fid bid
          -1.2706861048553010e+03  -6.9900512696088003e+02   8.9179766176314411e+02 #xyz tv0
          -1.1158009178576340e+03  -7.3901706929705563e+02   8.1827950850265029e+02 #xyz tv1
          -7.2739155723057104e+02  -7.5478219978520406e+02   8.1414382159767206e+02 #xyz tv2
          -1.1060466325765474e+03  -7.3496994371764504e+02   8.2022537293079802e+02 -1 13245 #xyz tv3 fid bid
          -1.1158009178576340e+03  -7.3901706929705563e+02   8.1827950850265029e+02 #xyz tv0
          -1.1060466325765474e+03  -7.3496994371764504e+02   8.2022537293079802e+02 #xyz tv1
          -7.2739155723057104e+02  -7.5478219978520406e+02   8.1414382159767206e+02 10856 -1 #xyz tv2 fid bid
          -1.1060466325765474e+03  -7.3496994371764504e+02   8.2022537293079802e+02 #xyz tv0
          -1.1158009178576340e+03  -7.3901706929705563e+02   8.1827950850265029e+02 #xyz tv1
          -1.2953741702495356e+03  -7.2506381568386553e+02   8.2326614859736105e+02 10856 -1 #xyz tv2 fid bid
          -1.1158009178576340e+03  -7.3901706929705563e+02   8.1827950850265029e+02 #xyz ev0
          -1.1060466325765474e+03  -7.3496994371764504e+02   8.2022537293079802e+02 -1 13245 #xyz ev1 fid bid
   0   0.000000000000e+00   0.000000000000e+00   0.000000000000e+00 #flag location
END_ERR 
G3dErrFileVersion 2018P3.1
FlagFileMetaData Begin
   Mesh Size - Setup1, Refinement, Pass #6, Freq. 1.068000e+09 :Title    
   Listing of mesh elements with poor quality. :ToolTip  
   hf3d :Author   
   1743952281 :TimeStamp
FlagFileMetaData End
BEGIN_ERR 
26 Small mesh segment detected on body : RadiatingSurface
 Small mesh segment detected on body : RadiatingSurface 
 Segment Statistics - Number of Segments : 1 --- Segment length(s) : 10.738328mm. The cutoff frequency for S-Matrix Only Solve is 60.5029958657761kHz 
2 -1  10856  # nfids, fids[]
2 13245  -1  # nbids, bids[]
      6 2 1 0 #ntets ntri ned npts
          -1.1158009178576340e+03  -7.3901706929705574e+02   8.1827950850265029e+02 #xyz tv0
          -1.2519849901294103e+03  -6.0425642095556577e+02   7.0314090162811840e+02 #xyz tv1
          -1.1060466325765474e+03  -7.3496994371764504e+02   8.2022537293079802e+02 #xyz tv2
          -1.2953741702495356e+03  -7.2506381568386553e+02   8.2326614859736105e+02 -1 13245 #xyz tv3 fid bid
          -1.2953741702495356e+03  -7.2506381568386553e+02   8.2326614859736105e+02 #xyz tv0
          -1.1158009178576340e+03  -7.3901706929705574e+02   8.1827950850265029e+02 #xyz tv1
          -1.2706861048553010e+03  -6.9900512696088003e+02   8.9179766176314411e+02 #xyz tv2
          -1.1060466325765474e+03  -7.3496994371764504e+02   8.2022537293079802e+02 -1 13245 #xyz tv3 fid bid
          -1.1158009178576340e+03  -7.3901706929705574e+02   8.1827950850265029e+02 #xyz tv0
          -1.1060466325765474e+03  -7.3496994371764504e+02   8.2022537293079802e+02 #xyz tv1
          -1.2519849901294103e+03  -6.0425642095556577e+02   7.0314090162811840e+02 #xyz tv2
          -9.6702502934132895e+02  -6.8133305123579589e+02   7.2505198449484146e+02 -1 13245 #xyz tv3 fid bid
          -9.9903883104293595e+02  -7.2689366337304205e+02   8.5297074168040808e+02 #xyz tv0
          -1.1158009178576340e+03  -7.3901706929705574e+02   8.1827950850265029e+02 #xyz tv1
          -1.1060466325765474e+03  -7.3496994371764504e+02   8.2022537293079802e+02 #xyz tv2
          -1.2706861048553010e+03  -6.9900512696088003e+02   8.9179766176314411e+02 -1 13245 #xyz tv3 fid bid
          -7.2739155723057104e+02  -7.5478219978520406e+02   8.1414382159767206e+02 #xyz tv0
          -1.1158009178576340e+03  -7.3901706929705574e+02   8.1827950850265029e+02 #xyz tv1
          -9.6702502934132895e+02  -6.8133305123579589e+02   7.2505198449484146e+02 #xyz tv2
          -1.1060466325765474e+03  -7.3496994371764504e+02   8.2022537293079802e+02 -1 13245 #xyz tv3 fid bid
          -9.9903883104293595e+02  -7.2689366337304205e+02   8.5297074168040808e+02 #xyz tv0
          -1.1060466325765474e+03  -7.3496994371764504e+02   8.2022537293079802e+02 #xyz tv1
          -1.1158009178576340e+03  -7.3901706929705574e+02   8.1827950850265029e+02 #xyz tv2
          -7.2739155723057104e+02  -7.5478219978520406e+02   8.1414382159767206e+02 -1 13245 #xyz tv3 fid bid
          -1.1060466325765474e+03  -7.3496994371764504e+02   8.2022537293079802e+02 #xyz tv0
          -1.1158009178576340e+03  -7.3901706929705574e+02   8.1827950850265029e+02 #xyz tv1
          -7.2739155723057104e+02  -7.5478219978520406e+02   8.1414382159767206e+02 10856 -1 #xyz tv2 fid bid
          -1.1158009178576340e+03  -7.3901706929705574e+02   8.1827950850265029e+02 #xyz tv0
          -1.1060466325765474e+03  -7.3496994371764504e+02   8.2022537293079802e+02 #xyz tv1
          -1.2953741702495356e+03  -7.2506381568386553e+02   8.2326614859736105e+02 10856 -1 #xyz tv2 fid bid
          -1.1060466325765474e+03  -7.3496994371764504e+02   8.2022537293079802e+02 #xyz ev0
          -1.1158009178576340e+03  -7.3901706929705574e+02   8.1827950850265029e+02 -1 13245 #xyz ev1 fid bid
   0   0.000000000000e+00   0.000000000000e+00   0.000000000000e+00 #flag location
END_ERR 
